
Ha Noi
27000 5234 6524 524 5 234 52 345 23 45 234 6 234
Nam Dinh
13000 4312 6345 6345 6 345 634 56 345 6 345 6 6345
Ha Nam
19000 413 654 345 6 345 63 45 63 456 3 456 6
Thanh Hoa
34000 5243 6354 63 456 34 56 345 6 34563 536 3456 345
TP HCM
21000 5432 5234 5 23 45 23 45 23 45 234 5 243
Bac Giang
12000 4523 5 2345 23 45 23 45 23 45 2345 2345 234
Thai Binh
8500 5234 52 345 234 52 34 52 34 523 45 2 52
Quang Binh
14000 5234 523 45 23 45 23 45 234 5 2345 4235 2345
Quat Lam
42000 4123 41 23 41 23 41 234 12 34 4123 1324 123
Ninh Binh
90000 4123 5234 523 45 234 5 234 52 345 2346 345234 5623
